Hostname = "mix2"
MeasuredAt = 2026-05-23T19:31:56.082782939Z
NumCPU = 4
OpsPerSecPerCore = 261.90214288333306
OpsPerSecSaturated = 334.1849591437165
IterationTime = "3.81822ms"
